Manufacturer,Model,Price,Year,KMS
Toyota,Camry,851000,2010,70000
Toyota,Camry,851000,2010,71000
Toyota,Camry,650000,2010,83000
Toyota,Camry,925000,2011,67000
Toyota,Camry,1600000,2012,18500
Toyota,Corolla Altis,600000,2010,100000
Toyota,Corolla Altis,600000,2010,132392
Toyota,Corolla Altis,600000,2010,135000
Toyota,Corolla Altis,525000,2010,24000
Toyota,Corolla Altis,620000,2010,26000
Toyota,Corolla Altis,675000,2010,27000
Toyota,Corolla Altis,600000,2010,38000
Toyota,Corolla Altis,500000,2010,42000
Toyota,Corolla Altis,650000,2010,42000
Toyota,Corolla Altis,535000,2010,46000
Toyota,Corolla Altis,625000,2010,49000
Toyota,Corolla Altis,500000,2010,50000
Toyota,Corolla Altis,550000,2010,50000
Toyota,Corolla Altis,545000,2010,55000
Toyota,Corolla Altis,611000,2010,55000
Toyota,Corolla Altis,475000,2010,57200
Toyota,Corolla Altis,475000,2010,58000
Toyota,Corolla Altis,650000,2010,58000
Toyota,Corolla Altis,640000,2010,59000
Toyota,Corolla Altis,500000,2010,60000
Toyota,Corolla Altis,550000,2010,60000
Toyota,Corolla Altis,670000,2010,60000
Toyota,Corolla Altis,679999,2010,60000
Toyota,Corolla Altis,680000,2010,60000
Toyota,Corolla Altis,699995,2010,66671
Toyota,Corolla Altis,525000,2010,67000
Toyota,Corolla Altis,515000,2010,68000
Toyota,Corolla Altis,650000,2010,68000
Toyota,Corolla Altis,500000,2010,70000
Toyota,Corolla Altis,600000,2010,71000
Toyota,Corolla Altis,635000,2010,73000
Toyota,Corolla Altis,600000,2010,73800
Toyota,Corolla Altis,485000,2010,75000
Toyota,Corolla Altis,625000,2010,75000
Toyota,Corolla Altis,690000,2010,76000
Toyota,Corolla Altis,500000,2010,77002
Toyota,Corolla Altis,700000,2010,80000
Toyota,Corolla Altis,495000,2010,82691
Toyota,Corolla Altis,574999,2010,84000
Toyota,Corolla Altis,525000,2010,87000
Toyota,Corolla Altis,610000,2011,40000
Toyota,Corolla Altis,499000,2011,41000
Toyota,Corolla Altis,675000,2011,42000
Toyota,Corolla Altis,600000,2011,43000
Toyota,Corolla Altis,590000,2011,49959
Toyota,Corolla Altis,499000,2011,55865
Toyota,Corolla Altis,550999,2011,59000
Toyota,Corolla Altis,595000,2011,59000
Toyota,Corolla Altis,580000,2011,60000
Toyota,Corolla Altis,600000,2011,62000
Toyota,Corolla Altis,780000,2011,71124
Toyota,Corolla Altis,660000,2011,72000
Toyota,Corolla Altis,650000,2011,73800
Toyota,Corolla Altis,700000,2011,81000
Toyota,Corolla Altis,560000,2011,82000
Toyota,Corolla Altis,680000,2011,82000
Toyota,Corolla Altis,690000,2011,85000
Toyota,Corolla Altis,645000,2011,88000
Toyota,Corolla Altis,700000,2011,89000
Toyota,Corolla Altis,813000,2012,28000
Toyota,Corolla Altis,760000,2012,41200
Toyota,Corolla Altis,725000,2012,45152
Toyota,Corolla Altis,875000,2012,59000
Toyota,Corolla Altis,750000,2012,60000
Toyota,Corolla Altis,800000,2012,61000
Toyota,Corolla Altis,700000,2012,62000
Toyota,Corolla Altis,750000,2012,65000
Toyota,Corolla Altis,775000,2012,65000
Toyota,Corolla Altis,800000,2012,68000
Toyota,Corolla Altis,800000,2012,72000
Toyota,Corolla Altis,820000,2012,76000
Toyota,Corolla Altis,755000,2012,80000
Toyota,Corolla Altis,825000,2013,25000
Toyota,Corolla Altis,750000,2013,38000
Toyota,Corolla Altis,825000,2013,45000
Toyota,Corolla Altis,915000,2013,47000
Toyota,Corolla Altis,889000,2013,55000
Toyota,Corolla Altis,810000,2013,58000
Toyota,Corolla Altis,1100000,2014,100000
Toyota,Corolla Altis,1451000,2014,11000
Toyota,Corolla Altis,1450000,2014,12000
Toyota,Corolla Altis,1510000,2014,20000
Toyota,Corolla Altis,1475000,2014,21000
Toyota,Corolla Altis,1495000,2014,25000
Toyota,Corolla Altis,1499999,2014,27000
Toyota,Corolla Altis,1100000,2014,30000
Toyota,Corolla Altis,1150000,2014,33200
Toyota,Corolla Altis,1550000,2014,44195
Toyota,Corolla Altis,1450000,2014,8000
Toyota,Corolla Altis,1589000,2015,12000
Toyota,Corolla Altis,1500000,2015,2000
Toyota,Corolla Altis,1575000,2015,22000
Toyota,Corolla Altis,1450000,2015,7100
Toyota,Corolla Altis,650000,2016,50000
Toyota,Etios Liva,38500,2010,35000
Toyota,Etios Liva,345000,2011,33325
Toyota,Etios Liva,380000,2011,35000
Toyota,Etios Liva,295000,2011,35100
Toyota,Etios Liva,295000,2011,35600
Toyota,Etios Liva,385000,2011,36000
Toyota,Etios Liva,325000,2011,39000
Toyota,Etios Liva,300000,2011,45000
Toyota,Etios Liva,311000,2011,45000
Toyota,Etios Liva,300000,2011,49000
Toyota,Etios Liva,350000,2011,50050
Toyota,Etios Liva,300000,2011,51000
Toyota,Etios Liva,299000,2011,51236
Toyota,Etios Liva,299999,2011,51236
Toyota,Etios Liva,325000,2011,51456
Toyota,Etios Liva,340000,2011,53000
Toyota,Etios Liva,305000,2011,55000
Toyota,Etios Liva,340999,2011,58500
Toyota,Etios Liva,330000,2011,66000
Toyota,Etios Liva,335000,2011,67000
Toyota,Etios Liva,345555,2011,69000
Toyota,Etios Liva,450000,2012,110000
Toyota,Etios Liva,429000,2012,114600
Toyota,Etios Liva,414000,2012,114900
Toyota,Etios Liva,450000,2012,140000
Toyota,Etios Liva,380000,2012,22000
Toyota,Etios Liva,425000,2012,23000
Toyota,Etios Liva,410000,2012,35000
Toyota,Etios Liva,390000,2012,40000
Toyota,Etios Liva,450000,2012,40000
Toyota,Etios Liva,445000,2012,42000
Toyota,Etios Liva,485000,2012,42000
Toyota,Etios Liva,399000,2012,42002
Toyota,Etios Liva,400000,2012,50500
Toyota,Etios Liva,375000,2012,54000
Toyota,Etios Liva,345000,2012,57000
Toyota,Etios Liva,405000,2012,57000
Toyota,Etios Liva,410000,2012,57000
Toyota,Etios Liva,450000,2012,57124
Toyota,Etios Liva,400000,2012,58000
Toyota,Etios Liva,450000,2012,61000
Toyota,Etios Liva,425000,2012,64000
Toyota,Etios Liva,480000,2012,65000
Toyota,Etios Liva,460000,2012,70000
Toyota,Etios Liva,410000,2012,71000
Toyota,Etios Liva,430000,2012,75000
Toyota,Etios Liva,450000,2012,75300
Toyota,Etios Liva,475000,2012,80558
Toyota,Etios Liva,410000,2012,90000
Toyota,Etios Liva,400000,2012,9200
Toyota,Etios Liva,420000,2012,93000
Toyota,Etios Liva,520000,2013,23000
Toyota,Etios Liva,500000,2013,28500
Toyota,Etios Liva,450000,2013,34000
Toyota,Etios Liva,425000,2013,41000
Toyota,Etios Liva,450000,2013,43692
Toyota,Etios Liva,455000,2013,45000
Toyota,Etios Liva,400000,2013,46
Toyota,Etios Liva,425000,2013,47235
Toyota,Etios Liva,445000,2013,50503
Toyota,Etios Liva,415000,2013,52000
Toyota,Etios Liva,445000,2013,60000
Toyota,Etios Liva,525000,2013,71000
Toyota,Etios Liva,575000,2014,18000
Toyota,Etios Liva,590000,2014,18000
Toyota,Etios Liva,475000,2014,20000
Toyota,Etios Liva,550000,2014,32000
Toyota,Etios Liva,610000,2014,36000
Toyota,Etios Liva,595000,2014,38000
Toyota,Etios Liva,390000,2014,41412
Toyota,Etios Liva,510000,2014,49850
Toyota,Etios Liva,450000,2014,61000
Toyota,Etios Liva,400000,2014,8000
Toyota,Etios Liva,625000,2015,10560
Toyota,Etios Liva,540000,2015,20000
Toyota,Etios Liva,550000,2015,20000
Toyota,Etios Liva,478000,2015,30000
Toyota,Etios Liva,481000,2015,30000
Toyota,Etios Liva,470000,2015,30200
Toyota,Etios Liva,485000,2015,31000
Toyota,Etios Liva,550000,2015,50000
Toyota,Etios Liva,570000,2015,50000
Toyota,Etios Liva,580000,2015,51000
Toyota,Etios Liva,555000,2016,10
Toyota,Etios Liva,724000,2016,10000
Toyota,Etios Liva,640000,2016,4590
Toyota,Etios,325000,2010,48000
Toyota,Etios,370000,2011,13000
Toyota,Etios,390000,2011,13000
Toyota,Etios,400000,2011,17300
Toyota,Etios,340000,2011,21000
Toyota,Etios,300000,2011,25000
Toyota,Etios,365000,2011,28000
Toyota,Etios,385500,2011,28000
Toyota,Etios,300000,2011,29000
Toyota,Etios,410000,2011,29500
Toyota,Etios,345000,2011,31000
Toyota,Etios,350000,2011,31205
Toyota,Etios,360000,2011,31584
Toyota,Etios,335000,2011,34000
Toyota,Etios,385000,2011,34000
Toyota,Etios,299000,2011,35000
Toyota,Etios,350000,2011,35000
Toyota,Etios,350000,2011,36000
Toyota,Etios,349999,2011,36241
Toyota,Etios,335000,2011,36254
Toyota,Etios,350000,2011,36421
Toyota,Etios,380000,2011,36451
Toyota,Etios,385000,2011,37000
Toyota,Etios,335000,2011,38000
Toyota,Etios,340000,2011,38000
Toyota,Etios,350999,2011,38000
Toyota,Etios,365000,2011,38000
Toyota,Etios,335000,2011,39000
Toyota,Etios,340000,2011,39200
Toyota,Etios,320000,2011,41000
Toyota,Etios,365000,2011,41000
Toyota,Etios,299000,2011,42000
Toyota,Etios,360000,2011,42093
Toyota,Etios,325000,2011,45000
Toyota,Etios,325000,2011,45600
Toyota,Etios,335000,2011,47000
Toyota,Etios,350000,2011,48000
Toyota,Etios,360000,2011,48000
Toyota,Etios,350000,2011,49000
Toyota,Etios,370000,2011,49000
Toyota,Etios,310000,2011,50000
Toyota,Etios,380000,2011,51000
Toyota,Etios,325000,2011,52105
Toyota,Etios,385000,2011,52215
Toyota,Etios,385000,2011,53100
Toyota,Etios,305000,2011,53700
Toyota,Etios,370000,2011,55000
Toyota,Etios,340000,2011,56000
Toyota,Etios,390000,2011,56000
Toyota,Etios,380000,2011,57400
Toyota,Etios,420000,2011,59000
Toyota,Etios,325000,2011,60000
Toyota,Etios,409000,2011,60000
Toyota,Etios,335000,2011,61000
Toyota,Etios,409000,2011,61000
Toyota,Etios,335000,2011,61338
Toyota,Etios,335000,2011,65000
Toyota,Etios,400000,2011,65000
Toyota,Etios,340000,2011,65500
Toyota,Etios,345000,2011,66044
Toyota,Etios,350000,2011,71000
Toyota,Etios,390000,2011,71123
Toyota,Etios,360000,2011,72110
Toyota,Etios,350000,2011,76000
Toyota,Etios,390000,2011,80000
Toyota,Etios,390000,2011,83501
Toyota,Etios,315000,2011,84200
Toyota,Etios,400000,2011,85000
Toyota,Etios,480000,2012,100000
Toyota,Etios,500000,2012,115000
Toyota,Etios,450000,2012,135000
Toyota,Etios,430000,2012,140000
Toyota,Etios,550000,2012,140000
Toyota,Etios,450000,2012,143000
Toyota,Etios,450000,2012,146000
Toyota,Etios,460000,2012,186000
Toyota,Etios,425000,2012,19000
Toyota,Etios,450000,2012,190000
Toyota,Etios,480000,2012,191000
Toyota,Etios,450000,2012,200000
Toyota,Etios,460000,2012,254000
Toyota,Etios,425000,2012,26127
Toyota,Etios,420000,2012,29800
Toyota,Etios,425000,2012,44000
Toyota,Etios,550000,2012,50000
Toyota,Etios,430000,2012,53000
Toyota,Etios,430002,2012,53000
Toyota,Etios,550000,2012,55000
Toyota,Etios,425000,2012,60000
Toyota,Etios,530000,2012,60000
Toyota,Etios,450000,2012,61000
Toyota,Etios,545000,2012,61454
Toyota,Etios,530000,2012,62000
Toyota,Etios,500000,2012,63053
Toyota,Etios,540000,2012,64363
Toyota,Etios,450000,2012,67000
Toyota,Etios,470000,2012,67300
Toyota,Etios,490000,2012,68000
Toyota,Etios,495000,2012,68000
Toyota,Etios,545000,2012,74000
Toyota,Etios,500000,2012,75000
Toyota,Etios,520000,2012,75000
Toyota,Etios,535000,2012,75000
Toyota,Etios,510000,2012,75500
Toyota,Etios,510000,2012,77000
Toyota,Etios,520000,2012,82000
Toyota,Etios,450000,2012,84000
Toyota,Etios,537000,2012,86000
Toyota,Etios,480000,2012,89000
Toyota,Etios,495000,2012,95000
Toyota,Etios,460000,2012,98000
Toyota,Etios,470000,2013,100000
Toyota,Etios,500000,2013,100000
Toyota,Etios,515000,2013,100000
Toyota,Etios,480000,2013,105000
Toyota,Etios,430000,2013,115000
Toyota,Etios,515000,2013,115000
Toyota,Etios,525000,2013,120000
Toyota,Etios,550000,2013,120000
Toyota,Etios,525000,2013,125000
Toyota,Etios,530000,2013,130000
Toyota,Etios,485000,2013,150000
Toyota,Etios,570000,2013,151800
Toyota,Etios,510000,2013,158000
Toyota,Etios,421000,2013,171000
Toyota,Etios,555000,2013,180000
Toyota,Etios,540000,2013,199675
Toyota,Etios,475000,2013,20
Toyota,Etios,550000,2013,21000
Toyota,Etios,450000,2013,31045
Toyota,Etios,435000,2013,32000
Toyota,Etios,450000,2013,35000
Toyota,Etios,425000,2013,36000
Toyota,Etios,475000,2013,43000
Toyota,Etios,415000,2013,47000
Toyota,Etios,435000,2013,59000
Toyota,Etios,450000,2013,64000
Toyota,Etios,500000,2013,69752
Toyota,Etios,554000,2013,75000
Toyota,Etios,535000,2013,76000
Toyota,Etios,550000,2013,85000
Toyota,Etios,510000,2013,94000
Toyota,Etios,580000,2014,101000
Toyota,Etios,575000,2014,12000
Toyota,Etios,585000,2014,120000
Toyota,Etios,570000,2014,21000
Toyota,Etios,610000,2014,29800
Toyota,Etios,650000,2014,40216
Toyota,Etios,680000,2014,43000
Toyota,Etios,620000,2014,59000
Toyota,Etios,720000,2014,60000
Toyota,Etios,680000,2014,61000
Toyota,Etios,555000,2014,63000
Toyota,Etios,700000,2014,68000
Toyota,Etios,650000,2014,69000
Toyota,Etios,650000,2014,69500
Toyota,Etios,650000,2014,72000
Toyota,Etios,675000,2014,73000
Toyota,Etios,550000,2014,82000
Toyota,Etios,700000,2014,90000
Toyota,Etios,630000,2014,93000
Toyota,Etios,590000,2014,98000
Toyota,Etios,700000,2015,15000
Toyota,Etios,650000,2015,18500
Toyota,Etios,774000,2015,29000
Toyota,Etios,675000,2015,30000
Toyota,Etios,700000,2015,32000
Toyota,Etios,830000,2015,32000
Toyota,Etios,715000,2015,39000
Toyota,Etios,700000,2015,40500
Toyota,Etios,590000,2015,45500
Toyota,Etios,400000,2015,53
Toyota,Etios,650000,2015,55000
Toyota,Etios,640000,2015,60000
Toyota,Etios,630000,2015,77000
Toyota,Etios,645000,2015,96000
Toyota,Etios,749999,2016,11999
Toyota,Etios,730000,2016,20000
Toyota,Etios,650000,2016,21700
Toyota,Etios,780000,2016,22000
Toyota,Etios,720000,2016,31000
Toyota,Etios,720000,2016,77000
Toyota,Fortuner,1300000,2010,100000
Toyota,Fortuner,1325000,2010,100000
Toyota,Fortuner,1425000,2010,112000
Toyota,Fortuner,1375000,2010,117000
Toyota,Fortuner,1300000,2010,119000
Toyota,Fortuner,1300000,2010,125000
Toyota,Fortuner,1275000,2010,145000
Toyota,Fortuner,1425000,2010,147000
Toyota,Fortuner,1249000,2010,150121
Toyota,Fortuner,1199000,2010,198345
Toyota,Fortuner,1249750,2010,40000
Toyota,Fortuner,1249999,2010,40000
Toyota,Fortuner,1300000,2010,55000
Toyota,Fortuner,1290000,2010,56000
Toyota,Fortuner,1300000,2010,56000
Toyota,Fortuner,1200999,2010,57000
Toyota,Fortuner,1300000,2010,58000
Toyota,Fortuner,1325000,2010,58000
Toyota,Fortuner,1450000,2010,60000
Toyota,Fortuner,1275000,2010,62486
Toyota,Fortuner,1250000,2010,65000
Toyota,Fortuner,1285000,2010,65000
Toyota,Fortuner,1350000,2010,650001
Toyota,Fortuner,1275000,2010,66000
Toyota,Fortuner,1295000,2010,67000
Toyota,Fortuner,1190000,2010,69267
Toyota,Fortuner,1345000,2010,73000
Toyota,Fortuner,1250000,2010,75000
Toyota,Fortuner,1350000,2010,75000
Toyota,Fortuner,1375000,2010,79000
Toyota,Fortuner,1311000,2010,81000
Toyota,Fortuner,1185000,2010,82000
Toyota,Fortuner,1300000,2010,82000
Toyota,Fortuner,1275000,2010,86400
Toyota,Fortuner,1300000,2010,90000
Toyota,Fortuner,1275000,2010,93000
Toyota,Fortuner,1390000,2011,107000
Toyota,Fortuner,1470000,2011,109000
Toyota,Fortuner,1350000,2011,110000
Toyota,Fortuner,1500000,2011,110000
Toyota,Fortuner,1450000,2011,112000
Toyota,Fortuner,1400000,2011,115000
Toyota,Fortuner,1425000,2011,115700
Toyota,Fortuner,1475000,2011,120000
Toyota,Fortuner,1425000,2011,122687
Toyota,Fortuner,1350000,2011,140000
Toyota,Fortuner,1560000,2011,150000
Toyota,Fortuner,1400000,2011,165000
Toyota,Fortuner,1290000,2011,175000
Toyota,Fortuner,1350000,2011,40000
Toyota,Fortuner,1400000,2011,55000
Toyota,Fortuner,1450000,2011,55000
Toyota,Fortuner,1590000,2011,64000
Toyota,Fortuner,1375000,2011,65000
Toyota,Fortuner,1450000,2011,68000
Toyota,Fortuner,1550000,2011,69001
Toyota,Fortuner,1435000,2011,70000
Toyota,Fortuner,1345000,2011,71000
Toyota,Fortuner,1400000,2011,75000
Toyota,Fortuner,1350000,2011,78000
Toyota,Fortuner,1350000,2011,80000
Toyota,Fortuner,1390000,2011,80000
Toyota,Fortuner,1450000,2011,88000
Toyota,Fortuner,1700000,2012,100000
Toyota,Fortuner,1650000,2012,109063
Toyota,Fortuner,1700000,2012,110000
Toyota,Fortuner,1749999,2012,110000
Toyota,Fortuner,1875000,2012,110000
Toyota,Fortuner,1700000,2012,115000
Toyota,Fortuner,1965000,2012,156000
Toyota,Fortuner,1950000,2012,20000
Toyota,Fortuner,1900000,2012,260000
Toyota,Fortuner,1750000,2012,39000
Toyota,Fortuner,1965000,2012,41700
Toyota,Fortuner,1800000,2012,46000
Toyota,Fortuner,1650000,2012,47000
Toyota,Fortuner,1825000,2012,47000
Toyota,Fortuner,1725000,2012,48000
Toyota,Fortuner,1825000,2012,48000
Toyota,Fortuner,1850000,2012,60000
Toyota,Fortuner,1850000,2012,63000
Toyota,Fortuner,1650000,2012,65000
Toyota,Fortuner,1625000,2012,68000
Toyota,Fortuner,1800000,2012,68000
Toyota,Fortuner,1850000,2012,69000
Toyota,Fortuner,1650000,2012,70000
Toyota,Fortuner,1800000,2012,70000
Toyota,Fortuner,1850000,2012,70000
Toyota,Fortuner,1650000,2012,71000
Toyota,Fortuner,1850000,2012,71000
Toyota,Fortuner,1750000,2012,72000
Toyota,Fortuner,1850000,2012,74000
Toyota,Fortuner,1955000,2012,74800
Toyota,Fortuner,1725000,2012,75000
Toyota,Fortuner,1775000,2012,75000
Toyota,Fortuner,1950000,2012,75000
Toyota,Fortuner,1700000,2012,83995
Toyota,Fortuner,1950000,2012,87700
Toyota,Fortuner,1625000,2012,92000
Toyota,Fortuner,1725000,2012,92000
Toyota,Fortuner,1650111,2012,92120
Toyota,Fortuner,1675000,2012,97500
Toyota,Fortuner,1650000,2012,99000
Toyota,Fortuner,1850000,2012,99000
Toyota,Fortuner,2150000,2013,115000
Toyota,Fortuner,2044000,2013,118000
Toyota,Fortuner,2099999,2013,120000
Toyota,Fortuner,2185000,2013,13000
Toyota,Fortuner,2100000,2013,150000
Toyota,Fortuner,2050000,2013,24600
Toyota,Fortuner,2250000,2013,25000
Toyota,Fortuner,2000000,2013,33000
Toyota,Fortuner,1925000,2013,40000
Toyota,Fortuner,2200000,2013,40000
Toyota,Fortuner,2275000,2013,40000
Toyota,Fortuner,2000000,2013,42000
Toyota,Fortuner,2350000,2013,44000
Toyota,Fortuner,2350000,2013,49629
Toyota,Fortuner,2100000,2013,50000
Toyota,Fortuner,1990000,2013,51000
Toyota,Fortuner,2070000,2013,51500
Toyota,Fortuner,2150000,2013,53000
Toyota,Fortuner,1900000,2013,53150
Toyota,Fortuner,2150000,2013,56000
Toyota,Fortuner,2300000,2013,58000
Toyota,Fortuner,1925000,2013,59000
Toyota,Fortuner,2050000,2013,60000
Toyota,Fortuner,2000000,2013,61000
Toyota,Fortuner,2300000,2013,62000
Toyota,Fortuner,1975000,2013,64000
Toyota,Fortuner,1950000,2013,65000
Toyota,Fortuner,2125000,2013,66000
Toyota,Fortuner,1999000,2013,68000
Toyota,Fortuner,2000000,2013,68000
Toyota,Fortuner,2000000,2013,72000
Toyota,Fortuner,2250000,2013,73000
Toyota,Fortuner,1875000,2013,75000
Toyota,Fortuner,2200000,2013,75000
Toyota,Fortuner,2150000,2013,77000
Toyota,Fortuner,2149000,2013,78000
Toyota,Fortuner,2350000,2013,81000
Toyota,Fortuner,2150000,2013,93000
Toyota,Fortuner,2450000,2014,10000
Toyota,Fortuner,2399000,2014,15764
Toyota,Fortuner,2400000,2014,18000
Toyota,Fortuner,2475000,2014,19000
Toyota,Fortuner,2450000,2014,21000
Toyota,Fortuner,2450000,2014,24000
Toyota,Fortuner,2400000,2014,25000
Toyota,Fortuner,2375000,2014,29000
Toyota,Fortuner,2395000,2014,29500
Toyota,Fortuner,2100000,2014,30000
Toyota,Fortuner,2350000,2014,32000
Toyota,Fortuner,2475000,2014,34700
Toyota,Fortuner,2500000,2014,38000
Toyota,Fortuner,2450000,2014,38010
Toyota,Fortuner,2400000,2014,40000
Toyota,Fortuner,2425000,2014,40000
Toyota,Fortuner,2400000,2014,42000
Toyota,Fortuner,2175000,2014,45000
Toyota,Fortuner,2300001,2014,45000
Toyota,Fortuner,2450000,2014,50010
Toyota,Fortuner,2350000,2014,57000
Toyota,Fortuner,2500000,2014,60000
Toyota,Fortuner,2450000,2014,60473
Toyota,Fortuner,2200000,2014,61000
Toyota,Fortuner,2100000,2014,62000
Toyota,Fortuner,2190000,2014,65000
Toyota,Fortuner,2300000,2014,69000
Toyota,Fortuner,2750000,2015,14000
Toyota,Fortuner,2850000,2015,16000
Toyota,Fortuner,3000000,2015,16103
Toyota,Fortuner,2550000,2015,17000
Toyota,Fortuner,2700000,2015,17300
Toyota,Fortuner,2751000,2015,21000
Toyota,Fortuner,2550000,2015,23000
Toyota,Fortuner,2450000,2015,26000
Toyota,Fortuner,2750000,2015,30000
Toyota,Fortuner,2650000,2015,3300
Toyota,Fortuner,2450000,2015,38000
Toyota,Fortuner,2600000,2015,40000
Toyota,Fortuner,2500000,2015,41000
Toyota,Fortuner,2500000,2015,45000
Toyota,Fortuner,2850000,2015,45000
Toyota,Fortuner,2800000,2015,7000
Toyota,Fortuner,2600000,2015,77100
Toyota,Fortuner,2399000,2015,8800
Toyota,Fortuner,2750000,2016,19000
Toyota,Fortuner,2650000,2016,3000
Toyota,Fortuner,3000000,2016,36000
Toyota,Innova,790000,2010,100000
Toyota,Innova,800000,2010,100000
Toyota,Innova,865000,2010,100000
Toyota,Innova,825000,2010,103000
Toyota,Innova,785000,2010,104000
Toyota,Innova,790000,2010,104650
Toyota,Innova,950000,2010,105489
Toyota,Innova,785000,2010,106000
Toyota,Innova,790000,2010,106200
Toyota,Innova,900000,2010,107000
Toyota,Innova,740000,2010,107500
Toyota,Innova,760000,2010,108000
Toyota,Innova,700000,2010,111500
Toyota,Innova,910000,2010,112000
Toyota,Innova,975000,2010,115000
Toyota,Innova,865000,2010,117000
Toyota,Innova,975000,2010,117000
Toyota,Innova,925000,2010,120000
Toyota,Innova,855000,2010,120745
Toyota,Innova,750000,2010,124000
Toyota,Innova,890000,2010,125000
Toyota,Innova,975000,2010,125000
Toyota,Innova,719000,2010,130000
Toyota,Innova,765000,2010,130000
Toyota,Innova,835000,2010,130000
Toyota,Innova,780000,2010,132000
Toyota,Innova,875000,2010,134000
Toyota,Innova,800000,2010,138000
Toyota,Innova,950000,2010,139000
Toyota,Innova,775000,2010,140000
Toyota,Innova,900000,2010,140000
Toyota,Innova,930000,2010,150000
Toyota,Innova,725000,2010,154000
Toyota,Innova,960000,2010,154000
Toyota,Innova,940000,2010,154783
Toyota,Innova,739000,2010,155000
Toyota,Innova,735000,2010,160000
Toyota,Innova,875000,2010,160000
Toyota,Innova,900000,2010,160000
Toyota,Innova,860000,2010,170000
Toyota,Innova,700000,2010,180000
Toyota,Innova,750000,2010,180000
Toyota,Innova,900000,2010,186000
Toyota,Innova,850000,2010,186116
Toyota,Innova,800000,2010,188000
Toyota,Innova,765000,2010,189000
Toyota,Innova,760000,2010,200000
Toyota,Innova,850000,2010,200000
Toyota,Innova,890000,2010,200000
Toyota,Innova,950000,2010,200000
Toyota,Innova,700000,2010,201000
Toyota,Innova,900000,2010,225000
Toyota,Innova,885000,2010,225700
Toyota,Innova,800000,2010,278090
Toyota,Innova,700000,2010,300000
Toyota,Innova,900000,2010,32900
Toyota,Innova,765000,2010,42000
Toyota,Innova,750000,2010,44000
Toyota,Innova,750000,2010,44560
Toyota,Innova,700000,2010,46000
Toyota,Innova,700000,2010,47000
Toyota,Innova,900000,2010,50000
Toyota,Innova,760000,2010,53000
Toyota,Innova,700000,2010,55000
Toyota,Innova,725000,2010,55000
Toyota,Innova,760000,2010,55000
Toyota,Innova,900000,2010,61000
Toyota,Innova,950000,2010,61500
Toyota,Innova,795000,2010,65000
Toyota,Innova,800000,2010,65000
Toyota,Innova,845000,2010,65000
Toyota,Innova,699999,2010,66000
Toyota,Innova,725000,2010,66000
Toyota,Innova,700000,2010,67000
Toyota,Innova,890000,2010,69885
Toyota,Innova,850000,2010,70000
Toyota,Innova,699999,2010,72000
Toyota,Innova,775000,2010,72651
Toyota,Innova,785000,2010,74000
Toyota,Innova,760000,2010,75000
Toyota,Innova,725000,2010,76230
Toyota,Innova,700000,2010,78000
Toyota,Innova,730000,2010,79000
Toyota,Innova,720000,2010,80000
Toyota,Innova,749000,2010,80000
Toyota,Innova,900000,2010,80000
Toyota,Innova,975000,2010,84000
Toyota,Innova,950000,2010,85000
Toyota,Innova,755000,2010,87000
Toyota,Innova,760000,2010,87000
Toyota,Innova,950000,2010,88000
Toyota,Innova,700000,2010,90000
Toyota,Innova,855500,2010,90000
Toyota,Innova,860000,2010,90000
Toyota,Innova,725000,2010,97000
Toyota,Innova,975000,2010,97000
Toyota,Innova,775000,2010,99000
Toyota,Innova,930000,2010,99897
Toyota,Innova,1125000,2011,100000
Toyota,Innova,900000,2011,100000
Toyota,Innova,800000,2011,102000
Toyota,Innova,985000,2011,102000
Toyota,Innova,1100000,2011,103000
Toyota,Innova,1090000,2011,103341
Toyota,Innova,1075000,2011,105000
Toyota,Innova,1000000,2011,107998
Toyota,Innova,860000,2011,109400
Toyota,Innova,1025000,2011,110000
Toyota,Innova,1025000,2011,111000
Toyota,Innova,1050000,2011,111077
Toyota,Innova,950000,2011,112000
Toyota,Innova,1100000,2011,114000
Toyota,Innova,825000,2011,116230
Toyota,Innova,950000,2011,117194
Toyota,Innova,1050000,2011,120000
Toyota,Innova,980000,2011,120000
Toyota,Innova,985000,2011,121000
Toyota,Innova,975000,2011,122000
Toyota,Innova,985000,2011,122000
Toyota,Innova,1065000,2011,125000
Toyota,Innova,1030000,2011,126000
Toyota,Innova,1090000,2011,126000
Toyota,Innova,1120000,2011,129000
Toyota,Innova,875000,2011,130000
Toyota,Innova,950000,2011,130000
Toyota,Innova,800000,2011,132000
Toyota,Innova,810000,2011,132000
Toyota,Innova,1080000,2011,138708
Toyota,Innova,1050000,2011,140000
Toyota,Innova,850000,2011,140000
Toyota,Innova,980000,2011,140000
Toyota,Innova,1120000,2011,144000
Toyota,Innova,960000,2011,144000
Toyota,Innova,975000,2011,144000
Toyota,Innova,975500,2011,144000
Toyota,Innova,960000,2011,144049
Toyota,Innova,1050000,2011,145000
Toyota,Innova,950000,2011,145000
Toyota,Innova,1020000,2011,148500
Toyota,Innova,1000000,2011,149350
Toyota,Innova,1000000,2011,150000
Toyota,Innova,1000000,2011,151129
Toyota,Innova,1050000,2011,155784
Toyota,Innova,960000,2011,156000
Toyota,Innova,1040000,2011,156009
Toyota,Innova,1050000,2011,165721
Toyota,Innova,1075000,2011,175000
Toyota,Innova,830000,2011,175000
Toyota,Innova,980000,2011,181413
Toyota,Innova,1125000,2011,200400
Toyota,Innova,890000,2011,205000
Toyota,Innova,860000,2011,206000
Toyota,Innova,800000,2011,210000
Toyota,Innova,900000,2011,258000
Toyota,Innova,810000,2011,300000
Toyota,Innova,920000,2011,34000
Toyota,Innova,850000,2011,39000
Toyota,Innova,975000,2011,40000
Toyota,Innova,975000,2011,42000
Toyota,Innova,800000,2011,45000
Toyota,Innova,850000,2011,50000
Toyota,Innova,965000,2011,53000
Toyota,Innova,945000,2011,54000
Toyota,Innova,1050000,2011,55000
Toyota,Innova,1100000,2011,56000
Toyota,Innova,1100000,2011,56900
Toyota,Innova,1100000,2011,60000
Toyota,Innova,820000,2011,62000
Toyota,Innova,990000,2011,63356
Toyota,Innova,1120000,2011,64000
Toyota,Innova,850000,2011,64000
Toyota,Innova,890000,2011,64000
Toyota,Innova,870000,2011,64383
Toyota,Innova,875000,2011,65000
Toyota,Innova,865000,2011,65466
Toyota,Innova,825000,2011,67000
Toyota,Innova,1125000,2011,69000
Toyota,Innova,850000,2011,71000
Toyota,Innova,800000,2011,75000
Toyota,Innova,865000,2011,75000
Toyota,Innova,875000,2011,75000
Toyota,Innova,1100000,2011,76000
Toyota,Innova,1025000,2011,78000
Toyota,Innova,800000,2011,78000
Toyota,Innova,960000,2011,78000
Toyota,Innova,960000,2011,79000
Toyota,Innova,850000,2011,80
Toyota,Innova,800000,2011,82000
Toyota,Innova,900000,2011,82000
Toyota,Innova,915000,2011,82000
Toyota,Innova,875000,2011,85000
Toyota,Innova,935000,2011,85000
Toyota,Innova,925000,2011,85986
Toyota,Innova,825000,2011,88000
Toyota,Innova,1030000,2011,91500
Toyota,Innova,1100000,2011,92000
Toyota,Innova,1075000,2011,94000
Toyota,Innova,895000,2011,94000
Toyota,Innova,1100000,2011,95000
Toyota,Innova,800000,2011,95000
Toyota,Innova,950000,2011,96000
Toyota,Innova,880000,2011,99000
Toyota,Innova,895000,2011,99000
Toyota,Innova,1175000,2012,100000
Toyota,Innova,900000,2012,100000
Toyota,Innova,975000,2012,100000
Toyota,Innova,1049000,2012,105000
Toyota,Innova,1080000,2012,107000
Toyota,Innova,945000,2012,110000
Toyota,Innova,1050000,2012,126650
Toyota,Innova,1175000,2012,127000
Toyota,Innova,1200000,2012,128000
Toyota,Innova,1050000,2012,130000
Toyota,Innova,930000,2012,131000
Toyota,Innova,1175000,2012,135000
Toyota,Innova,1062000,2012,136002
Toyota,Innova,1235000,2012,138000
Toyota,Innova,910000,2012,139000
Toyota,Innova,915000,2012,139300
Toyota,Innova,1100000,2012,142503
Toyota,Innova,999999,2012,143000
Toyota,Innova,1175000,2012,146000
Toyota,Innova,980000,2012,148000
Toyota,Innova,1125000,2012,148300
Toyota,Innova,980000,2012,149000
Toyota,Innova,1000000,2012,160000
Toyota,Innova,1150000,2012,160000
Toyota,Innova,1200000,2012,160000
Toyota,Innova,1200000,2012,162000
Toyota,Innova,1225000,2012,168000
Toyota,Innova,1225000,2012,169000
Toyota,Innova,950000,2012,170000
Toyota,Innova,1175000,2012,175000
Toyota,Innova,920000,2012,180000
Toyota,Innova,930000,2012,180000
Toyota,Innova,980000,2012,180000
Toyota,Innova,1050000,2012,182500
Toyota,Innova,1100000,2012,190000
Toyota,Innova,975000,2012,220000
Toyota,Innova,920000,2012,225000
Toyota,Innova,1000000,2012,230000
Toyota,Innova,1045000,2012,235000
Toyota,Innova,1048000,2012,235000
Toyota,Innova,1150000,2012,25000
Toyota,Innova,950000,2012,250000
Toyota,Innova,1000000,2012,27000
Toyota,Innova,1030000,2012,30000
Toyota,Innova,1150000,2012,30000
Toyota,Innova,981000,2012,30600
Toyota,Innova,1165000,2012,40000
Toyota,Innova,1000000,2012,43000
Toyota,Innova,1100000,2012,43000
Toyota,Innova,1000000,2012,45000
Toyota,Innova,1100000,2012,45000
Toyota,Innova,940000,2012,48000
Toyota,Innova,935000,2012,49000
Toyota,Innova,1170000,2012,50000
Toyota,Innova,965000,2012,50000
Toyota,Innova,920000,2012,50999
Toyota,Innova,965000,2012,52000
Toyota,Innova,1000000,2012,55000
Toyota,Innova,1095000,2012,55000
Toyota,Innova,925000,2012,55000
Toyota,Innova,930000,2012,55000
Toyota,Innova,1050000,2012,57000
Toyota,Innova,900000,2012,57000
Toyota,Innova,1225000,2012,61000
Toyota,Innova,1075000,2012,62000
Toyota,Innova,1199000,2012,62000
Toyota,Innova,1150000,2012,64500
Toyota,Innova,895000,2012,65000
Toyota,Innova,900000,2012,65000
Toyota,Innova,975000,2012,65889
Toyota,Innova,999000,2012,66000
Toyota,Innova,1075000,2012,67055
Toyota,Innova,1185000,2012,68000
Toyota,Innova,1000000,2012,69000
Toyota,Innova,900000,2012,69000
Toyota,Innova,1000000,2012,69431
Toyota,Innova,1220000,2012,72000
Toyota,Innova,1170000,2012,73200
Toyota,Innova,1190000,2012,75000
Toyota,Innova,1200000,2012,75000
Toyota,Innova,1185000,2012,75002
Toyota,Innova,921000,2012,75820
Toyota,Innova,1080000,2012,76500
Toyota,Innova,1050000,2012,77000
Toyota,Innova,1125000,2012,80000
Toyota,Innova,1150000,2012,80000
Toyota,Innova,900000,2012,81000
Toyota,Innova,1011000,2012,86000
Toyota,Innova,1030000,2012,87000
Toyota,Innova,1125000,2012,87000
Toyota,Innova,1100000,2012,90000
Toyota,Innova,1125000,2012,90000
Toyota,Innova,1150000,2012,90000
Toyota,Innova,975000,2012,90000
Toyota,Innova,1050000,2012,92000
Toyota,Innova,1200000,2012,93000
Toyota,Innova,1170000,2012,94000
Toyota,Innova,1179999,2012,96300
Toyota,Innova,1050000,2012,98000
Toyota,Innova,950000,2012,99000
Toyota,Innova,1090000,2013,100000
Toyota,Innova,1111000,2013,100000
Toyota,Innova,1275000,2013,100000
Toyota,Innova,1250000,2013,100789
Toyota,Innova,1221000,2013,103000
Toyota,Innova,1275000,2013,103821
Toyota,Innova,1090000,2013,106000
Toyota,Innova,1100000,2013,107000
Toyota,Innova,1300000,2013,112000
Toyota,Innova,1200000,2013,113000
Toyota,Innova,1100000,2013,113384
Toyota,Innova,1350000,2013,114000
Toyota,Innova,1080000,2013,135000
Toyota,Innova,1125000,2013,144095
Toyota,Innova,1220000,2013,175000
Toyota,Innova,1330000,2013,198000
Toyota,Innova,1350000,2013,198606
Toyota,Innova,1265000,2013,20000
Toyota,Innova,1020000,2013,200000
Toyota,Innova,1125000,2013,25000
Toyota,Innova,1150000,2013,25000
Toyota,Innova,1250000,2013,34000
Toyota,Innova,1350000,2013,37000
Toyota,Innova,1100000,2013,38000
Toyota,Innova,1300000,2013,38000
Toyota,Innova,1125000,2013,39000
Toyota,Innova,1125000,2013,40000
Toyota,Innova,1275000,2013,40000
Toyota,Innova,1165000,2013,43000
Toyota,Innova,1325000,2013,43000
Toyota,Innova,1330000,2013,43000
Toyota,Innova,1270000,2013,45000
Toyota,Innova,1080000,2013,46000
Toyota,Innova,1250000,2013,46000
Toyota,Innova,1050000,2013,47000
Toyota,Innova,1095000,2013,47000
Toyota,Innova,1145000,2013,47000
Toyota,Innova,1275000,2013,48000
Toyota,Innova,1285000,2013,48000
Toyota,Innova,1100000,2013,52000
Toyota,Innova,1200000,2013,52000
Toyota,Innova,1350000,2013,52000
Toyota,Innova,1350000,2013,54000
Toyota,Innova,1085000,2013,55000
Toyota,Innova,1285000,2013,56000
Toyota,Innova,1150000,2013,58000
Toyota,Innova,1050000,2013,60000
Toyota,Innova,1135000,2013,60000
Toyota,Innova,1200000,2013,62000
Toyota,Innova,1225000,2013,62000
Toyota,Innova,1350000,2013,62000
Toyota,Innova,1075000,2013,65000
Toyota,Innova,1085000,2013,65000
Toyota,Innova,1250000,2013,65000
Toyota,Innova,1285000,2013,65000
Toyota,Innova,1020000,2013,66000
Toyota,Innova,1100000,2013,66000
Toyota,Innova,1149990,2013,66000
Toyota,Innova,1149999,2013,66000
Toyota,Innova,1045000,2013,67000
Toyota,Innova,1125000,2013,68000
Toyota,Innova,1025000,2013,70000
Toyota,Innova,1050000,2013,70000
Toyota,Innova,1050000,2013,72000
Toyota,Innova,1210000,2013,72000
Toyota,Innova,1020000,2013,75000
Toyota,Innova,1099000,2013,76000
Toyota,Innova,1340000,2013,76000
Toyota,Innova,1060000,2013,78000
Toyota,Innova,1100000,2013,80000
Toyota,Innova,1200000,2013,80000
Toyota,Innova,1250000,2013,80000
Toyota,Innova,1275000,2013,80000
Toyota,Innova,1150000,2013,82000
Toyota,Innova,1175000,2013,820000
Toyota,Innova,1150000,2013,85000
Toyota,Innova,1180000,2013,87000
Toyota,Innova,1225000,2013,88000
Toyota,Innova,1280000,2013,88000
Toyota,Innova,1180000,2013,89000
Toyota,Innova,1350000,2013,90000
Toyota,Innova,1180000,2013,91000
Toyota,Innova,1250000,2013,93000
Toyota,Innova,1075000,2013,93224
Toyota,Innova,1250000,2013,96000
Toyota,Innova,1265000,2014,100200
Toyota,Innova,1200000,2014,115000
Toyota,Innova,1125000,2014,125000
Toyota,Innova,1400000,2014,14000
Toyota,Innova,1390000,2014,18000
Toyota,Innova,1450000,2014,18000
Toyota,Innova,1435000,2014,19000
Toyota,Innova,1399999,2014,25000
Toyota,Innova,1375000,2014,29000
Toyota,Innova,1300000,2014,30000
Toyota,Innova,1395000,2014,30900
Toyota,Innova,1375000,2014,32000
Toyota,Innova,1251000,2014,33000
Toyota,Innova,1259000,2014,33000
Toyota,Innova,1200000,2014,40000
Toyota,Innova,1350000,2014,42765
Toyota,Innova,1325000,2014,43000
Toyota,Innova,1490000,2014,450000
Toyota,Innova,1170000,2014,47276
Toyota,Innova,1350000,2014,49000
Toyota,Innova,1275000,2014,51000
Toyota,Innova,1475000,2014,52000
Toyota,Innova,1125000,2014,54000
Toyota,Innova,1450000,2014,57000
Toyota,Innova,1150000,2014,58000
Toyota,Innova,1250000,2014,60000
Toyota,Innova,1350000,2014,61000
Toyota,Innova,1350000,2014,61010
Toyota,Innova,1150000,2014,62000
Toyota,Innova,1139000,2014,62762
Toyota,Innova,1200000,2014,63000
Toyota,Innova,1150000,2014,65000
Toyota,Innova,1350000,2014,69000
Toyota,Innova,1200000,2014,70000
Toyota,Innova,1350000,2014,72000
Toyota,Innova,1250000,2014,75767
Toyota,Innova,1150000,2014,80000
Toyota,Innova,1270000,2014,80000
Toyota,Innova,1150000,2014,85000
Toyota,Innova,1400000,2014,86000
Toyota,Innova,1425000,2014,86000
Toyota,Innova,1150000,2014,88000
Toyota,Innova,1375000,2014,88000
Toyota,Innova,1425000,2014,92784
Toyota,Innova,1450000,2015,11000
Toyota,Innova,1400000,2015,14800
Toyota,Innova,1498000,2015,15000
Toyota,Innova,1375000,2015,18000
Toyota,Innova,1475000,2015,18529
Toyota,Innova,1525000,2015,19000
Toyota,Innova,1475000,2015,21000
Toyota,Innova,1380000,2015,22000
Toyota,Innova,1400000,2015,25000
Toyota,Innova,1350000,2015,26000
Toyota,Innova,1500000,2015,27000
Toyota,Innova,1350000,2015,28005
Toyota,Innova,1550000,2015,30000
Toyota,Innova,1375000,2015,36000
Toyota,Innova,1411000,2015,36000
Toyota,Innova,1500000,2015,38000
Toyota,Innova,1399999,2015,42000
Toyota,Innova,1525000,2015,5000
Toyota,Innova,1350000,2015,50000
Toyota,Innova,1475000,2015,5400
Toyota,Innova,1475000,2015,5500
Toyota,Innova,1435000,2015,7000
Toyota,Innova,1450000,2015,7000
Toyota,Innova,1621000,2015,9000
Toyota,Innova,1625000,2015,9000
Toyota,Innova,1600000,2015,9500
Toyota,Innova,1350000,2016,19000
Toyota,Innova,1650000,2016,25000
Toyota,Innova,1600000,2016,6000
Toyota,Innova,1300000,2016,6100
Toyota,Prius,1299999,2011,62942
